0 144 58 80;
0 144 62 80;
0 144 55 80;
500 144 55 0;
0 144 62 0;
0 144 58 0;
250 144 55 80;
0 144 58 80;
0 144 62 80;
500 144 58 0;
0 144 62 0;
0 144 55 0;
250 144 58 80;
0 144 62 80;
0 144 55 80;
250 144 58 0;
0 144 62 0;
0 144 55 0;
250 144 60 80;
0 144 64 80;
0 144 55 80;
500 144 64 0;
0 144 55 0;
0 144 60 0;
250 144 55 80;
0 144 60 80;
0 144 64 80;
500 144 64 0;
0 144 60 0;
0 144 55 0;
250 144 60 80;
0 144 64 80;
0 144 55 80;
250 144 64 0;
0 144 60 0;
0 144 55 0;
250 144 55 80;
0 144 58 80;
0 144 62 80;
500 144 58 0;
0 144 62 0;
0 144 55 0;
250 144 55 80;
0 144 58 80;
0 144 62 80;
500 144 62 0;
0 144 58 0;
0 144 55 0;
250 144 55 80;
0 144 62 80;
0 144 58 80;
250 144 55 0;
0 144 58 0;
0 144 62 0;
250 144 64 80;
0 144 60 80;
0 144 55 80;
1500 144 55 0;
0 144 60 0;
0 144 64 0;
0 255 64;
