\$0-function 0 200 1 115 0.47 545 0.5 140 0 || \$0-float 137 || \$0-array
-0.705881 -0.431369 -0.274505 -0.0784248 0.0196153 0.156871 0.235304
0.37256 0.549032 0.725504 || \$0-sub -40 40 ||;
\$0-function 0 920 1 80 0 || \$0-float -239 || \$0-array 0.764706 0.549017
0.431369 0.254897 -0.0784394 -0.215696 -0.450992 -0.647072 -0.803936
-0.86276 || \$0-sub 138 189 ||;
\$0-function 0 135 1 865 0 || \$0-float 440 || \$0-array 0.0392157
-0.705882 -0.588235 0.254897 0.803922 -0.72549 -0.0784314 0.627451
-0.0980393 0.588235 || \$0-sub 339 504 ||;
\$0-function 0 175 1 245 0.27 300 1 280 0 || \$0-float 754 || \$0-array
-0.862746 -0.62745 -0.764706 -0.745098 -0.686274 -0.686274 -0.764706
-0.960786 -0.862746 -0.686274 || \$0-sub 536 833 ||;
