track 1;
97.8235 113;
300 73;
300 109;
300 22;
300 3;
300 64;
300 73;
300 50;
300 72;
300 113;
300 60;
300 1;
300 19;
300 102;
300 87;
300 107;
300 79;
300 4;
300 8;
300 125;
300 33;
300 64;
300 117;
114.331 EOT;
end;
track 2;
97.8235 12;
300 123;
300 67;
300 2;
300 87;
300 49;
300 7;
300 92;
300 86;
300 100;
300 70;
300 0;
300 35;
300 123;
300 34;
300 30;
300 11;
300 18;
300 61;
300 115;
300 66;
300 83;
300 51;
114.331 EOT;
end;
track 3;
97.8235 56;
300 86;
300 40;
300 50;
300 93;
300 19;
300 13;
300 69;
300 62;
300 41;
300 16;
300 47;
300 65;
300 85;
300 36;
300 123;
300 65;
300 74;
300 116;
300 113;
300 49;
300 106;
300 66;
114.331 EOT;
end;
