|;
timesig 1/4;
tempo 80;
1.5 72 1 0.25;
1.75 71 1 0.25;
|;
timesig 2/4;
1 72 1 0.5, 48 0.5 0.5;
1.5 60 1 0.5, 52 0.5 0.5, 55 0.5 0.5;
2 60 1 0.5, 43 0.5 0.5;
2.5 67 1 0.25, 53 0.5 0.5, 55 0.5 0.5;
2.75 65 1 0.25;
|;
1 64 1 0.25, 48 0.5 0.5;
1.25 67 1 0.25;
1.5 72 1 0.25, 52 0.5 0.5, 55 0.5 0.5;
1.75 71 1 0.25;
2 72 1 0.25, 37 0.5 0.5;
2.25 76 1 0.25;
2.5 74 1 0.25, 51 0.5 0.5, 55 0.5 0.5;
2.75 73 1 0.25;
|;
1 74 1 0.5, 38 0.5 0.5;
1.5 62 1 0.5, 53 0.5 0.5, 54 0.5 0.5;
2 62 1 0.5, 41 0.5 0.5;
2.5 62 1 0.25, 56 0.5 0.5, 60 0.5 0.5;
2.75 60 1 0.25;
|;
1 59 1 0.25, 43 0.5 0.5, 55 0.5 0.5, 59 0.5 0.5;
1.25 62 1 0.25;
1.5 67 1 0.25, 46 0.5 0.5, 54 0.5 0.5, 58 0.5 0.5;
1.75 66 1 0.25;
2 67 1 0.25, 47 0.5 0.5, 54 0.5 0.5, 57 0.5 0.5;
2.5 69 1 0.25, 53 0.5 0.5, 59 0.5 0.5;
2.75 71 1 0.25;
|;
1 72 1 0.25, 36 0.5 0.5, 52 0.5 0.5, 60 0.5 0.5;
1.25 71 1 0.25;
1.5 69 1 0.25;
1.75 67 1 0.25;
2 69 1 0.25, 40 0.5 0.5, 40 0.5 0.5, 58 0.5 0.5;
2.25 67 1 0.25;
2.5 65 1 0.25;
2.75 64 1 0.25;
|;
1 65 1 0.25, 41 0.5 0.5, 48 0.5 0.5, 57 0.5 0.5;
1.25 64 1 0.25;
1.5 62 1 0.25, 41 0.5 0.5, 48 0.5 0.5, 57 0.5 0.5;
1.75 60 1 0.25;
2 62 1 0.25;
2.25 60 1 0.25;
2.5 59 1 0.25, 41 0.5 0.5, 50 0.5 0.5, 56 0.5 0.5;
2.75 57 1 0.25;
|;
1 55 1 0.25, 43 0.5 0.5, 50 0.5 0.5;
1.25 60 1 0.25;
1.5 59 1 0.25, 43 0.5 0.5, 52 0.5 0.5, 55 0.5 0.5;
1.75 62 1 0.25;
2 60 1 0.25;
2.25 64 1 0.25;
2.5 62 1 0.25, 43 0.5 0.5, 53 0.5 0.5, 55 0.5 0.5;
2.75 65 1 0.25;
|;
1 64 1 0.5, 43 0.5 0.5;
1.5 60 1 0.5, 31 0.5 0.5, 41 0.5 0.5, 48 0.5 0.5;
2 60 1 4, 24 0.5 4, 40 0.5 4, 48 0.5 4;
|;
timesig 3/4;
|;
