0.899961
0.899961
0.928531
0.928531
0.928531
0.928531
0.928531
0.914246
0.828535
0.75711
0.628544
0.599974
0.542833
0.442838
0.385697
0.314272
0.228561
0.128566
0.0571404
-0.0428553
-0.0571404
-0.0857105
-0.114281
-0.128566
-0.142851
-0.157136
-0.171421
-0.199991
-0.214276
-0.242846
-0.271417
-0.299987
-0.342842
-0.357127
-0.357127
-0.361889
-0.366651
-0.371412
-0.376174
-0.380936
-0.385697
-0.399982
-0.428553
-0.442838
-0.485693
-0.514263
-0.542833
-0.585689
-0.585689
-0.585689
-0.599974
-0.599974
-0.599974
-0.599974
-0.599974
-0.599974
-0.599974
-0.599974
-0.599974
-0.599974
-0.599974
-0.592831
-0.585689
-0.585689
-0.585689
-0.571404
-0.557118
-0.542833
-0.53331
-0.523787
-0.514263
-0.509501
-0.50474
-0.499978
-0.490455
-0.480931
-0.471408
-0.471408
-0.471408
-0.471408
-0.466646
-0.461884
-0.457123
-0.447599
-0.438076
-0.428553
-0.419029
-0.409506
-0.399982
-0.378555
-0.357127
-0.342842
0.271417
0.328557
0.357127
0.371412
0.385697
0.399982
0.414268
0.499978
